# Digitized by GSYS2.2.0
# Date =  19.Mar.2021,  17:29:2
# Number of data = 37
# set xrange[380.0, 500.0]
# set yrange[0.0, 1.0] 
# MD5Fig : afe9e4c0135bd0e419b66717ee87c8fe
# Axis_X : 3fc22222222222223fe95555555555553fee1127e1a8b7ae3fe9555555555555
# Axis_Y : 3fc26666666666663fe95555555555553fc26666666666663fc4e33dc2de386b
#   x        y       x(eV)     y(intenesty)
 402.245   0.0276    0.4906    0.00076176   
 405.378   0.0829    0.4868    0.00687241   
 407.885   0.1657    0.4838    0.02745649   
 409.765   0.2486    0.4816    0.06180196   
 411.331   0.3039    0.4797    0.09235521   
 412.898   0.4033    0.4779    0.16265089   
 414.464   0.5083    0.4761    0.25836889   
 416.344   0.5801    0.4740    0.33651601   
 416.971   0.6740    0.4732    0.454276   
 418.224   0.7735    0.4718    0.59830225   
 419.477   0.8508    0.4704    0.72386064   
 421.670   0.9226    0.4680    0.85119076   
 423.237   0.9889    0.4662    0.97792321   
 426.057   1.0055    0.4631    1.01103025   
 429.190   0.9779    0.4598    0.95628841   
 432.636   0.9392    0.4561    0.88209664   
 436.083   0.8729    0.4525    0.76195441   
 437.963   0.8232    0.4506    0.67765824   
 440.156   0.7569    0.4483    0.57289761   
 443.602   0.6906    0.4448    0.47692836   
 446.109   0.6243    0.4423    0.38975049   
 448.929   0.5746    0.4396    0.33016516   
 452.062   0.5359    0.4365    0.28718881   
 455.508   0.4807    0.4332    0.23107249   
 459.268   0.4475    0.4297    0.20025625   
 463.654   0.4033    0.4256    0.16265089   
 466.787   0.3646    0.4227    0.13293316   
 469.607   0.3204    0.4202    0.10265616   
 472.114   0.2652    0.4180    0.07033104   
 475.247   0.2265    0.4152    0.05130225   
 478.693   0.1823    0.4122    0.03323329   
 482.453   0.1381    0.4090    0.01907161   
 485.586   0.1105    0.4064    0.01221025   
 489.659   0.0939    0.4030    0.00881721   
 493.419   0.0884    0.3999    0.00781456   
 497.179   0.0663    0.3969    0.00439569   
 559.841  -0.6133    0.3525    0.37613689   
           